species	cor	p	upr	lwr	taxonomic_group	GC3.mean
Acoerulea	-0.32725247195256	5.24869433339272e-316	-0.342662812928139	-0.311666069060816	other_eudicot	36.058
Acomosus	0.330400498526345	3.33944599389514e-273	0.313487554368589	0.347103888181689	monocot_commelinid	51.6
Ahalleri	-0.140647318950336	9.00338261404309e-45	-0.159935195415668	-0.121252088543953	eudicot_rosid	40.898
Ahypochondriacus	-0.238807458956613	6.65653432632985e-116	-0.258279140061367	-0.219141827355616	other_eudicot	36.494
Alyrata	-0.174715654628606	1.10994861997679e-73	-0.193077819524951	-0.156231152941865	eudicot_rosid	41.56
Athaliana	-0.192403434743894	3.00864360702841e-96	-0.209949106801809	-0.174733877088413	eudicot_rosid	40.959
Atrichopoda	-0.099305800486944	1.68406748786615e-24	-0.118179373201159	-0.0803605038133466	basal_dicot	42.832
Bdistachyon	0.403424887604237	0	0.390030917928101	0.416648175508814	monocot_commelinid	53.863
Boleraceacapitata	-0.182643212276304	1.79148874242955e-109	-0.198294453132883	-0.166898851644471	eudicot_rosid	44.401
BrapaFPsc	-0.149890818329456	4.7627650302629e-80	-0.165098280544989	-0.13461210078296	eudicot_rosid	44.228
Bstacei	0.446341157410288	0	0.432052664538775	0.460405626709863	monocot_commelinid	55.592
Bstricta	-0.187414149504851	1.58851778571601e-85	-0.205593942813983	-0.169105050753177	eudicot_rosid	41.731
Cclementina	-0.0927208012529378	2.66501314382221e-23	-0.110844769866577	-0.0745351818834342	eudicot_rosid	39.875
Cgrandiflora	-0.211255539024333	9.41656237891127e-98	-0.230241358164664	-0.192108956697837	eudicot_rosid	41.436
Cpapaya	-0.145860344434364	1.90920966832145e-55	-0.163745302542537	-0.127879533736439	eudicot_rosid	44.812
Crubella	-0.18778185088446	1.40849434197894e-83	-0.206210160484117	-0.169220381807279	eudicot_rosid	41.474
Csativus	-0.115982878359547	1.40706291408256e-30	-0.135512659245097	-0.0963630027643358	eudicot_rosid	39.215
Csinensis	-0.165187916024422	1.83103360701821e-90	-0.18086748204998	-0.149424401941937	eudicot_rosid	39.491
Dcarota	-0.183520208267674	3.6700558710726e-102	-0.199803820311672	-0.167135254394001	eudicot_asterid	39.233
Egrandis	0.205917226672868	1.61225178950772e-153	0.191069321607122	0.220670919931486	eudicot_rosid	49.52
Esalsugineum	-0.152397633434249	7.65684848708475e-58	-0.17064936927131	-0.134041352766367	eudicot_rosid	43.017
Fvesca	0.0581979335071122	2.53475638342437e-13	0.0426353963378152	0.0737322359768837	eudicot_rosid	44.755
Gmax	-0.0629766288969883	4.1902827649213e-24	-0.0751188566877318	-0.0508157287396698	eudicot_rosid	39.571
Graimondii	-0.192834190377261	8.76654524669757e-188	-0.205370745645533	-0.180234362750757	eudicot_rosid	38.997
Kfedtschenkoi	0.0668840195841016	2.34313332721911e-14	0.0497429870744934	0.0839856631483284	other_eudicot	47.516
Klaxiflora	0.0625349427983823	2.45050680547493e-20	0.0492996653133429	0.0757482619478265	other_eudicot	47.591
Lusitatissimum	-0.119722561820922	6.57655302134804e-64	-0.133452276231209	-0.105946901174918	eudicot_rosid	47.395
Macuminata	0.255091983406388	1.71375713898404e-251	0.241006080978131	0.269070439283932	monocot_commelinid	48.81
Mdomestica	-0.0198188546912627	0.000918098172560542	-0.03153176553046	-0.00810050119964888	eudicot_rosid	44.075
Mesculenta	-0.181218443868359	5.42571468684659e-95	-0.197915974961574	-0.164415773570264	eudicot_rosid	38.755
Mguttatus	-0.00993339521228688	0.287606578462469	-0.0282356408031109	0.00837550827871572	eudicot_asterid	44.103
Mtruncatula	-0.101314880674221	4.57083492189908e-57	-0.113675387262347	-0.0889230154527924	eudicot_rosid	36.22
Osativa	0.454228857267462	0	0.442459184358556	0.465842079117788	monocot_commelinid	55.878
Othomaeum	0.383702551046521	0	0.368418356533983	0.398779376463934	monocot_commelinid	55.769
Phallii	0.436048049228247	0	0.423507361602583	0.448421639204805	monocot_commelinid	55.775
Ppersica	-0.129580990515505	4.43703841033637e-50	-0.146394834249944	-0.112692297333137	eudicot_rosid	41.324
Ptrichocarpa	-0.228263647837891	1.03531438870038e-275	-0.240341055418681	-0.21611557805076	eudicot_rosid	39.308
Pvirgatum	0.419496195915243	0	0.41178518795565	0.427147135669984	monocot_commelinid	55.839
Pvulgaris	-0.0469987305220948	6.70825841550042e-07	-0.0654859621897637	-0.0284792453222485	eudicot_rosid	39.52
Rcommunis	-0.102354327062106	2.78862919006885e-28	-0.120366362908627	-0.0842749227011147	eudicot_rosid	41.993
Sbicolor	0.415074375913499	0	0.401348136027518	0.428614217827218	monocot_commelinid	55.096
Sitalica	0.439475024610418	0	0.426323743454678	0.452440558023932	monocot_commelinid	56.331
Slycopersicum	-0.191627718138561	1.52383571865601e-116	-0.207489370483851	-0.175665330280959	eudicot_asterid	36.966
Spolyrhiza	0.273702256427204	3.09860800720845e-150	0.254212309890976	0.292969991189007	monocot_alismatid	58.903
Spurpurea	-0.199006817932744	2.912171796724e-162	-0.212905528775326	-0.185027586808748	eudicot_rosid	40.101
Stuberosum	-0.17025606699785	2.71912154718873e-142	-0.183078799322682	-0.157375415009726	eudicot_asterid	37.844
Sviridis	0.442421954877019	0	0.429872624652151	0.454800380158749	monocot_commelinid	55.521
Tcacao	-0.167494856263998	1.9761521887682e-70	-0.18554869713835	-0.149327973451825	eudicot_rosid	39.701
Tpratense	-0.20755516558996	1.62172590888723e-133	-0.223503949730437	-0.191495270255627	eudicot_rosid	34.873
Vvinifera	-0.0156825837541365	0.10015159259852	-0.0343672037322083	0.00301299539304964	eudicot_rosid	43.357
Zmarina	-0.0383861963466103	0.000611251243963144	-0.0602971254546768	-0.0164382929936153	monocot_alismatid	38.478
Zmays	0.374076783929531	0	0.364815137052819	0.383264410607343	monocot_commelinid	54.267
